image: map_sb10.pgm
resolution: 0.030000
origin: [-14.550000, -17.430000, 0.000000]
negate: 0
occupied_thresh: 0.65
free_thresh: 0.196

