image: sakigake_map.pgm
resolution: 0.030000
origin: [-25.110000, -17.430000, 0.000000]
negate: 0
occupied_thresh: 0.65
free_thresh: 0.196

